[myImage.JPG]
moddate=cadf56171485d801
width=6000
height=4000
text=1;162;29;picture courtesy @ Deepsikha&#010;;Bookman Old Style;0.673605,0.940621,0.033333,0.000000;v1,4294967295,4289538497,128.000000,1.000000,1.000000,1.000000,400,2,49160;;
textactive=1
